3.33745
3.18892
2.37844
2.16955
1.99437
1.75122
1.4388
1.36322
0.989628
1.19114
1.13459
1.03947
1.35878
1.20585
0.961132
0.845951
0.76032
1.06951
0.798798
0.78028
0.977373
0.567053
0.53909
0.651896
0.656114
0.673985
0.42336
0.496342
0.370141
0.455459
0.580168
0.440564
0.399458
0.656743
0.294344
0.597825
0.491717
0.431737
0.519997
0.557911
0.78365
0.411403
0.617759
0.57647
0.577569
0.363208
0.533305
0.71389
0.584913
0.650055
0.672511
0.772299
0.52635
0.308115
0.426352
0.426722
0.344694
0.580205
0.603258
0.429633
0.340151
0.433611
0.503709
0.472543
0.455603
0.268809
0.61511
0.583055
0.319441
0.25115
0.346967
0.529472
0.339301
0.312542
0.39797
0.48943
0.239578
0.218601
0.427261
0.48584
0.35932
0.28365
0.362778
0.429855
0.572578
0.364414
0.465425
0.476218
0.227104
0.379302
0.490835
0.449147
0.428217
0.403137
0.231737
0.409543
0.227322
0.342933
0.366252
0.397103
